0.000000000000000000e+00
4.666666666666667296e-01
9.333333333333334592e-01
-5.999999999999996447e-01
-1.333333333333330817e-01
3.333333333333334814e-01
8.000000000000007105e-01
-7.333333333333329485e-01
-2.666666666666661634e-01
2.000000000000001776e-01
6.666666666666669627e-01
-8.666666666666662522e-01
-3.999999999999985789e-01
6.666666666666731800e-02
5.333333333333341031e-01
-1.000000000000000000e+00
-5.333333333333323267e-01
-6.666666666666554164e-02
4.000000000000003553e-01
8.666666666666671404e-01
-6.666666666666660745e-01
-1.999999999999992895e-01
2.666666666666674956e-01
7.333333333333360571e-01
-7.999999999999971578e-01
-3.333333333333321491e-01
1.333333333333346360e-01
6.000000000000014211e-01
-9.333333333333317938e-01
-4.666666666666650087e-01
0.000000000000000000e+00
4.666666666666685614e-01
9.333333333333353465e-01
-5.999999999999978684e-01
-1.333333333333310833e-01
3.333333333333357018e-01
8.000000000000007105e-01
-7.333333333333307280e-01
-2.666666666666657193e-01
2.000000000000028422e-01
6.666666666666678509e-01
-8.666666666666635876e-01
-3.999999999999985789e-01
6.666666666666642982e-02
5.333333333333349913e-01
-1.000000000000000000e+00
-5.333333333333278858e-01
-6.666666666666287711e-02
4.000000000000056843e-01
8.666666666666706931e-01
-6.666666666666642982e-01
-1.999999999999957367e-01
2.666666666666692720e-01
7.333333333333378334e-01
-7.999999999999971578e-01
-3.333333333333321491e-01
1.333333333333364124e-01
6.000000000000014211e-01
-9.333333333333300175e-01
-4.666666666666650087e-01
0.000000000000000000e+00
4.666666666666721142e-01
9.333333333333371229e-01
-5.999999999999943157e-01
-1.333333333333293069e-01
3.333333333333357018e-01
8.000000000000042633e-01
-7.333333333333307280e-01
-2.666666666666621666e-01
2.000000000000028422e-01
6.666666666666714036e-01
-8.666666666666600349e-01
-3.999999999999985789e-01
6.666666666666998253e-02
5.333333333333385440e-01
-1.000000000000000000e+00
-5.333333333333314386e-01
-6.666666666666287711e-02
4.000000000000056843e-01
8.666666666666671404e-01
-6.666666666666642982e-01
-1.999999999999957367e-01
2.666666666666728247e-01
7.333333333333413862e-01
-7.999999999999971578e-01
-3.333333333333285964e-01
1.333333333333328596e-01
6.000000000000085265e-01
-9.333333333333300175e-01
-4.666666666666614560e-01
0.000000000000000000e+00
4.666666666666685614e-01
9.333333333333442283e-01
-5.999999999999943157e-01
-1.333333333333257542e-01
3.333333333333357018e-01
8.000000000000113687e-01
-7.333333333333271753e-01
-2.666666666666586138e-01
2.000000000000028422e-01
6.666666666666714036e-01
-8.666666666666600349e-01
-3.999999999999914735e-01
6.666666666666998253e-02
5.333333333333385440e-01
-1.000000000000000000e+00
-5.333333333333243331e-01
-6.666666666665577168e-02
4.000000000000056843e-01
8.666666666666742458e-01
-6.666666666666642982e-01
-1.999999999999886313e-01
2.666666666666728247e-01
7.333333333333413862e-01
-7.999999999999971578e-01
-3.333333333333285964e-01
1.333333333333399651e-01
6.000000000000085265e-01
-9.333333333333300175e-01
-4.666666666666614560e-01
0.000000000000000000e+00
4.666666666666756669e-01
9.333333333333442283e-01
-5.999999999999943157e-01
-1.333333333333257542e-01
3.333333333333357018e-01
8.000000000000113687e-01
-7.333333333333271753e-01
-2.666666666666586138e-01
2.000000000000028422e-01
6.666666666666714036e-01
-8.666666666666529295e-01
-3.999999999999914735e-01
6.666666666667708796e-02
5.333333333333385440e-01
-9.999999999999928946e-01
-5.333333333333243331e-01
-6.666666666665577168e-02
4.000000000000056843e-01
8.666666666666742458e-01
-6.666666666666571928e-01
-1.999999999999886313e-01
2.666666666666799301e-01
7.333333333333342807e-01
-7.999999999999971578e-01
-3.333333333333285964e-01
1.333333333333399651e-01
6.000000000000085265e-01
-9.333333333333229120e-01
-4.666666666666543506e-01
0.000000000000000000e+00
4.666666666666827723e-01
9.333333333333371229e-01
-5.999999999999943157e-01
-1.333333333333257542e-01
3.333333333333428072e-01
8.000000000000113687e-01
-7.333333333333200699e-01
-2.666666666666657193e-01
2.000000000000028422e-01
6.666666666666714036e-01
-8.666666666666600349e-01
-3.999999999999914735e-01
6.666666666667708796e-02
5.333333333333456494e-01
-1.000000000000000000e+00
-5.333333333333172277e-01
-6.666666666666287711e-02
4.000000000000056843e-01
8.666666666666884566e-01
-6.666666666666571928e-01
-1.999999999999886313e-01
2.666666666666657193e-01
7.333333333333484916e-01
-7.999999999999829470e-01
-3.333333333333285964e-01
1.333333333333399651e-01
6.000000000000085265e-01
-9.333333333333229120e-01
-4.666666666666543506e-01
0.000000000000000000e+00
4.666666666666827723e-01
9.333333333333371229e-01
-5.999999999999943157e-01
-1.333333333333115434e-01
3.333333333333428072e-01
8.000000000000113687e-01
-7.333333333333342807e-01
-2.666666666666515084e-01
2.000000000000170530e-01
6.666666666666714036e-01
-8.666666666666600349e-01
-3.999999999999772626e-01
6.666666666667708796e-02
5.333333333333456494e-01
-1.000000000000000000e+00
-5.333333333333172277e-01
-6.666666666664866625e-02
4.000000000000056843e-01
8.666666666666884566e-01
-6.666666666666571928e-01
-1.999999999999886313e-01
2.666666666666799301e-01
7.333333333333484916e-01
-7.999999999999829470e-01
-3.333333333333285964e-01
1.333333333333399651e-01
6.000000000000227374e-01
-9.333333333333229120e-01
-4.666666666666543506e-01
0.000000000000000000e+00
4.666666666666827723e-01
9.333333333333513337e-01
-5.999999999999943157e-01
-1.333333333333115434e-01
3.333333333333428072e-01
8.000000000000113687e-01
-7.333333333333200699e-01
-2.666666666666515084e-01
2.000000000000170530e-01
6.666666666666714036e-01
-8.666666666666600349e-01
-3.999999999999772626e-01
6.666666666667708796e-02
5.333333333333456494e-01
-1.000000000000000000e+00
-5.333333333333172277e-01
-6.666666666664866625e-02
4.000000000000056843e-01
8.666666666666884566e-01
-6.666666666666571928e-01
-1.999999999999886313e-01
2.666666666666799301e-01
7.333333333333484916e-01
-7.999999999999829470e-01
-3.333333333333285964e-01
1.333333333333399651e-01
6.000000000000227374e-01
-9.333333333333229120e-01
-4.666666666666543506e-01
0.000000000000000000e+00
4.666666666666827723e-01
9.333333333333513337e-01
-5.999999999999943157e-01
-1.333333333333115434e-01
3.333333333333428072e-01
8.000000000000113687e-01
-7.333333333333058590e-01
-2.666666666666515084e-01
2.000000000000170530e-01
6.666666666666714036e-01
-8.666666666666458241e-01
-3.999999999999772626e-01
6.666666666667708796e-02
5.333333333333456494e-01
-9.999999999999857891e-01
-5.333333333333172277e-01
-6.666666666664866625e-02
4.000000000000056843e-01
8.666666666666884566e-01
-6.666666666666571928e-01
-1.999999999999886313e-01
2.666666666666941410e-01
7.333333333333484916e-01
-7.999999999999829470e-01
-3.333333333333285964e-01
1.333333333333541759e-01
6.000000000000227374e-01
-9.333333333333229120e-01
-4.666666666666543506e-01
1.421085471520200372e-14
4.666666666666827723e-01
9.333333333333513337e-01
-5.999999999999943157e-01
-1.333333333333115434e-01
3.333333333333428072e-01
8.000000000000113687e-01
-7.333333333333200699e-01
-2.666666666666515084e-01
2.000000000000170530e-01
6.666666666666856145e-01
-8.666666666666458241e-01
-3.999999999999772626e-01
6.666666666669129881e-02
5.333333333333598603e-01
-1.000000000000000000e+00
-5.333333333333314386e-01
-6.666666666663445540e-02
4.000000000000056843e-01
8.666666666666742458e-01
-6.666666666666571928e-01
-1.999999999999886313e-01
2.666666666666799301e-01
7.333333333333484916e-01
-7.999999999999829470e-01
-3.333333333333143855e-01
1.333333333333541759e-01
6.000000000000227374e-01
-9.333333333333087012e-01
-4.666666666666401397e-01
0.000000000000000000e+00
4.666666666666685614e-01
9.333333333333655446e-01
-5.999999999999943157e-01
-1.333333333333257542e-01
3.333333333333428072e-01
8.000000000000113687e-01
-7.333333333333200699e-01
-2.666666666666515084e-01
2.000000000000170530e-01
6.666666666666856145e-01
-8.666666666666458241e-01
-3.999999999999772626e-01
6.666666666669129881e-02
5.333333333333598603e-01
-1.000000000000000000e+00
-5.333333333333314386e-01
-6.666666666663445540e-02
4.000000000000056843e-01
8.666666666666742458e-01
-6.666666666666571928e-01
-1.999999999999886313e-01
2.666666666666799301e-01
7.333333333333769133e-01
-7.999999999999829470e-01
-3.333333333333143855e-01
1.333333333333541759e-01
6.000000000000227374e-01
-9.333333333333087012e-01
-4.666666666666685614e-01
0.000000000000000000e+00
4.666666666666969832e-01
9.333333333333655446e-01
-5.999999999999658939e-01
-1.333333333333257542e-01
3.333333333333428072e-01
8.000000000000113687e-01
-7.333333333333200699e-01
-2.666666666666230867e-01
2.000000000000170530e-01
6.666666666666856145e-01
-8.666666666666458241e-01
-3.999999999999772626e-01
6.666666666669129881e-02
5.333333333333314386e-01
-1.000000000000000000e+00
-5.333333333333030168e-01
-6.666666666663445540e-02
4.000000000000341061e-01
8.666666666666742458e-01
-6.666666666666571928e-01
-1.999999999999886313e-01
2.666666666666799301e-01
7.333333333333769133e-01
-7.999999999999829470e-01
-3.333333333333143855e-01
1.333333333333541759e-01
6.000000000000227374e-01
-9.333333333333087012e-01
-4.666666666666685614e-01
0.000000000000000000e+00
4.666666666666969832e-01
9.333333333333655446e-01
-5.999999999999658939e-01
-1.333333333333257542e-01
3.333333333333428072e-01
8.000000000000113687e-01
-7.333333333333200699e-01
-2.666666666666230867e-01
2.000000000000170530e-01
6.666666666666856145e-01
-8.666666666666458241e-01
-3.999999999999772626e-01
6.666666666669129881e-02
5.333333333333314386e-01
-1.000000000000000000e+00
-5.333333333333030168e-01
-6.666666666663445540e-02
4.000000000000341061e-01
8.666666666666742458e-01
-6.666666666666571928e-01
-1.999999999999886313e-01
2.666666666666799301e-01
7.333333333333769133e-01
-7.999999999999545253e-01
-3.333333333333143855e-01
1.333333333333541759e-01
6.000000000000227374e-01
-9.333333333333087012e-01
-4.666666666666401397e-01
0.000000000000000000e+00
4.666666666666969832e-01
9.333333333333655446e-01
-5.999999999999658939e-01
-1.333333333332973325e-01
3.333333333333428072e-01
8.000000000000113687e-01
-7.333333333333200699e-01
-2.666666666666230867e-01
2.000000000000454747e-01
6.666666666666856145e-01
-8.666666666666458241e-01
-3.999999999999772626e-01
6.666666666669129881e-02
5.333333333333598603e-01
-1.000000000000000000e+00
-5.333333333333030168e-01
-6.666666666663445540e-02
4.000000000000341061e-01
8.666666666667026675e-01
-6.666666666666571928e-01
-1.999999999999886313e-01
2.666666666666799301e-01
7.333333333333769133e-01
-7.999999999999545253e-01
-3.333333333333143855e-01
1.333333333333541759e-01
6.000000000000227374e-01
-9.333333333333087012e-01
-4.666666666666401397e-01
0.000000000000000000e+00
4.666666666666969832e-01
9.333333333333655446e-01
-5.999999999999658939e-01
-1.333333333332973325e-01
3.333333333333428072e-01
8.000000000000113687e-01
-7.333333333333200699e-01
-2.666666666666230867e-01
2.000000000000454747e-01
6.666666666666856145e-01
-8.666666666666458241e-01
-3.999999999999772626e-01
6.666666666669129881e-02
5.333333333333598603e-01
-1.000000000000000000e+00
-5.333333333333030168e-01
-6.666666666663445540e-02
4.000000000000341061e-01
8.666666666667026675e-01
-6.666666666666571928e-01
-1.999999999999886313e-01
2.666666666666799301e-01
7.333333333333769133e-01
-7.999999999999545253e-01
-3.333333333333143855e-01
1.333333333333541759e-01
6.000000000000227374e-01
-9.333333333333087012e-01
-4.666666666666401397e-01
