0.000000000000000000e+00
9.945218953682734009e-01
2.079116908177588707e-01
-9.510565162951537532e-01
-4.067366430757993201e-01
8.660254037844388186e-01
5.877852522924719159e-01
-7.431448254773947992e-01
-7.431448254773929118e-01
5.877852522924741363e-01
8.660254037844383745e-01
-4.067366430758018181e-01
-9.510565162951526430e-01
2.079116908177597589e-01
9.945218953682731788e-01
-2.695460919397353709e-15
-9.945218953682737340e-01
-2.079116908177544853e-01
9.510565162951543083e-01
4.067366430757968776e-01
-8.660254037844392627e-01
-5.877852522924712497e-01
7.431448254773965756e-01
7.431448254773911355e-01
-5.877852522924778000e-01
-8.660254037844388186e-01
4.067366430758010409e-01
9.510565162951529761e-01
-2.079116908177623957e-01
-9.945218953682728458e-01
5.390921838794707418e-15
9.945218953682740670e-01
2.079116908177518486e-01
-9.510565162951563067e-01
-4.067366430757911600e-01
8.660254037844405950e-01
5.877852522924690293e-01
-7.431448254773983519e-01
-7.431448254773893591e-01
5.877852522924799095e-01
8.660254037844373753e-01
-4.067366430758099782e-01
-9.510565162951520879e-01
2.079116908177580936e-01
9.945218953682726237e-01
-9.809554005910592682e-16
-9.945218953682742891e-01
-2.079116908177561784e-01
9.510565162951570839e-01
4.067366430757952123e-01
-8.660254037844383745e-01
-5.877852522924669199e-01
7.431448254773954654e-01
7.431448254773875828e-01
-5.877852522924763568e-01
-8.660254037844395958e-01
4.067366430758059259e-01
9.510565162951535312e-01
-2.079116908177676692e-01
-9.945218953682730678e-01
1.078184367758941484e-14
9.945218953682738450e-01
2.079116908177465750e-01
-9.510565162951601925e-01
-4.067366430757862195e-01
8.660254037844432595e-01
5.877852522924589262e-01
-7.431448254774020157e-01
-7.431448254773810325e-01
5.877852522924843504e-01
8.660254037844347108e-01
-4.067366430758149187e-01
-9.510565162951504226e-01
2.079116908177772727e-01
9.945218953682720686e-01
-6.371877239385766292e-15
-9.945218953682748442e-01
-2.079116908177509049e-01
9.510565162951587492e-01
4.067366430757902718e-01
-8.660254037844411501e-01
-5.877852522924740253e-01
7.431448254774085660e-01
7.431448254773839190e-01
-5.877852522924807976e-01
-8.660254037844369313e-01
4.067366430757978768e-01
9.510565162951474250e-01
-2.079116908177729428e-01
-9.945218953682710694e-01
1.961910801182118536e-15
9.945218953682744001e-01
2.079116908177413015e-01
-9.510565162951618579e-01
-4.067366430757943241e-01
8.660254037844460351e-01
5.877852522924545964e-01
-7.431448254774151163e-01
-7.431448254773869166e-01
5.877852522924886802e-01
8.660254037844391517e-01
-4.067366430758327933e-01
-9.510565162951487572e-01
2.079116908177825462e-01
9.945218953682729568e-01
-1.176279907818047450e-14
-9.945218953682753993e-01
-2.079116908177317258e-01
9.510565162951560847e-01
4.067366430757853313e-01
-8.660254037844367092e-01
-5.877852522924466028e-01
7.431448254774026818e-01
7.431448254773803663e-01
-5.877852522924735812e-01
-8.660254037844342667e-01
4.067366430758158069e-01
9.510565162951457596e-01
-2.079116908177643108e-01
-9.945218953682719576e-01
2.156368735517882967e-14
9.945218953682763985e-01
2.079116908177499334e-01
-9.510565162951590823e-01
-4.067366430757763940e-01
8.660254037844415942e-01
5.877852522924387202e-01
-7.431448254774092321e-01
-7.431448254773738160e-01
5.877852522924815748e-01
8.660254037844293817e-01
-4.067366430758247442e-01
-9.510565162951427620e-01
2.079116908177739143e-01
9.945218953682709584e-01
-2.942866201773177805e-15
-9.945218953682775087e-01
-2.079116908177403578e-01
9.510565162951620799e-01
4.067366430757933804e-01
-8.660254037844464792e-01
-5.877852522924538192e-01
7.431448254774157824e-01
7.431448254773862505e-01
-5.877852522924894574e-01
-8.660254037844385966e-01
4.067366430758336815e-01
9.510565162951485352e-01
-2.079116908177834899e-01
-9.945218953682728458e-01
1.274375447877153258e-14
9.945218953682755103e-01
2.079116908177307543e-01
-9.510565162951563067e-01
-4.067366430757844431e-01
8.660254037844371533e-01
5.877852522924458256e-01
-7.431448254774032369e-01
-7.431448254773797002e-01
5.877852522924743583e-01
8.660254037844337116e-01
-4.067366430758166951e-01
-9.510565162951541973e-01
2.079116908177930934e-01
9.945218953682688490e-01
-2.254464275576988933e-14
-9.945218953682765095e-01
-2.079116908177489897e-01
9.510565162951594154e-01
4.067366430757495266e-01
-8.660254037844420383e-01
-5.877852522924379430e-01
7.431448254773908024e-01
7.431448254773731499e-01
-5.877852522925053336e-01
-8.660254037844430375e-01
4.067366430758256324e-01
9.510565162951511997e-01
-2.079116908178026690e-01
-9.945218953682708474e-01
3.923821602364237073e-15
9.945218953682776197e-01
2.079116908177393863e-01
-9.510565162951536422e-01
-4.067366430757665130e-01
8.660254037844470343e-01
5.877852522924299494e-01
-7.431448254773783679e-01
-7.431448254773855844e-01
5.877852522925132162e-01
8.660254037844239416e-01
-4.067366430758086460e-01
-9.510565162951394313e-01
2.079116908177844614e-01
9.945218953682668506e-01
1.469699955104141519e-14
-9.945218953682756213e-01
-2.079116908177019996e-01
9.510565162951654106e-01
4.067366430757835549e-01
-8.660254037844377084e-01
-5.877852522924450485e-01
7.431448254774419837e-01
7.431448254773600492e-01
-5.877852522924982281e-01
-8.660254037844332675e-01
4.067366430758435625e-01
9.510565162951452045e-01
-2.079116908177662537e-01
-9.945218953682687379e-01
2.352559815636094900e-14
9.945218953682796181e-01
2.079116908177202072e-01
-9.510565162951596374e-01
-4.067366430757486384e-01
8.660254037844568042e-01
5.877852522924601475e-01
-7.431448254774295492e-01
-7.431448254773724837e-01
5.877852522925290923e-01
8.660254037844425934e-01
-4.067366430758265206e-01
-9.510565162951333251e-01
2.079116908178036405e-01
9.945218953682707363e-01
-4.904777002955295947e-15
-9.945218953682777308e-01
-2.079116908176828205e-01
9.510565162951539753e-01
4.067366430757656248e-01
-8.660254037844474784e-01
-5.877852522924291723e-01
7.431448254774171147e-01
7.431448254773849182e-01
-5.877852522925139933e-01
-8.660254037844234976e-01
4.067366430758095341e-01
9.510565162951390983e-01
-2.079116908177854051e-01
-9.945218953682667395e-01
4.312737471035765934e-14
9.945218953682757324e-01
2.079116908177010559e-01
-9.510565162951657436e-01
-4.067366430757826667e-01
8.660254037844381525e-01
5.877852522924442713e-01
-7.431448254774426498e-01
-7.431448254773593831e-01
5.877852522924990053e-01
8.660254037844327124e-01
-4.067366430758444507e-01
-9.510565162951273299e-01
2.079116908177671974e-01
9.945218953682686269e-01
-2.450655355695200866e-14
-9.945218953682797292e-01
-2.079116908177192635e-01
9.510565162951599705e-01
4.067366430757477502e-01
-8.660254037844572483e-01
-5.877852522924593703e-01
7.431448254774302153e-01
7.431448254773718176e-01
-5.877852522925298695e-01
-8.660254037844420383e-01
4.067366430758274087e-01
9.510565162951329921e-01
-2.079116908178045842e-01
-9.945218953682706253e-01
5.885732403546355609e-15
9.945218953682777308e-01
2.079116908176818768e-01
-9.510565162951541973e-01
-4.067366430757647366e-01
8.660254037844479225e-01
5.877852522924283951e-01
-7.431448254774176698e-01
-7.431448254773842521e-01
5.877852522925148815e-01
8.660254037844229424e-01
-4.067366430758104223e-01
-9.510565162951387652e-01
2.079116908177863765e-01
9.945218953682666285e-01
-4.410833011094871585e-14
-9.945218953682758434e-01
-2.079116908177000844e-01
9.510565162951660767e-01
4.067366430757298201e-01
-8.660254037844385966e-01
-5.877852522924434941e-01
7.431448254774433160e-01
7.431448254773587170e-01
-5.877852522924997825e-01
-8.660254037844322683e-01
4.067366430758453388e-01
9.510565162951269969e-01
-2.079116908177681688e-01
-9.945218953682685159e-01
2.548750895754306517e-14
9.945218953682798402e-01
2.079116908177182921e-01
-9.510565162951603035e-01
-4.067366430757468621e-01
8.660254037844578034e-01
5.877852522924584822e-01
-7.431448254774308815e-01
-7.431448254773711515e-01
5.877852522925306467e-01
8.660254037844415942e-01
-4.067366430758283524e-01
-9.510565162951327700e-01
2.079116908178055556e-01
9.945218953682705143e-01
-6.866687804137414483e-15
-9.945218953682778418e-01
-2.079116908176809053e-01
9.510565162951545304e-01
4.067366430757638485e-01
-8.660254037844484776e-01
-5.877852522924276180e-01
7.431448254774183360e-01
7.431448254773456163e-01
-5.877852522924696954e-01
-8.660254037844224984e-01
4.067366430758632689e-01
9.510565162951385432e-01
-2.079116908178429424e-01
-9.945218953682724017e-01
4.508928551153977867e-14
9.945218953682759544e-01
2.079116908176991407e-01
-9.510565162951839513e-01
-4.067366430757808349e-01
8.660254037844391517e-01
5.877852522924427170e-01
-7.431448254774439821e-01
-7.431448254773199702e-01
5.877852522924545964e-01
8.660254037844318242e-01
-4.067366430758462270e-01
-9.510565162951266638e-01
2.079116908178247347e-01
9.945218953682744001e-01
-2.646846435813412483e-14
-9.945218953682799512e-01
-2.079116908177173484e-01
9.510565162951781781e-01
4.067366430757978768e-01
-8.660254037844298258e-01
-5.877852522924117418e-01
7.431448254774314366e-01
7.431448254773704853e-01
-5.877852522924854606e-01
-8.660254037844410391e-01
4.067366430758811435e-01
9.510565162951324369e-01
-2.079116908178064993e-01
-9.945218953682704033e-01
7.847643204728474146e-15
9.945218953682720686e-01
2.079116908176799616e-01
-9.510565162951724050e-01
-4.067366430757629603e-01
8.660254037844489217e-01
5.877852522924728040e-01
-7.431448254774570827e-01
-7.431448254773449502e-01
5.877852522925164358e-01
8.660254037844219432e-01
-4.067366430758121987e-01
-9.510565162951206686e-01
2.079116908178438861e-01
9.945218953682782859e-01
-4.607024091213083518e-14
-9.945218953682760654e-01
-2.079116908176425749e-01
9.510565162951841733e-01
4.067366430758319051e-01
-8.660254037844680175e-01
-5.877852522924418288e-01
7.431448254774065676e-01
7.431448254773193041e-01
-5.877852522925473000e-01
-8.660254037844028474e-01
4.067366430758471152e-01
9.510565162951439833e-01
-2.079116908178812728e-01
-9.945218953682624097e-01
-2.939399910208283038e-14
9.945218953682800622e-01
2.079116908177163769e-01
-9.510565162951960527e-01
-4.067366430756931273e-01
8.660254037844302699e-01
5.877852522924109646e-01
-7.431448254774321027e-01
-7.431448254773698192e-01
5.877852522925782752e-01
8.660254037844405950e-01
-4.067366430758820317e-01
-9.510565162951321039e-01
2.079116908178074707e-01
9.945218953682584129e-01
-8.828598605319533809e-15
-9.945218953682840590e-01
-2.079116908176789902e-01
9.510565162951727380e-01
4.067366430756582107e-01
-8.660254037844494768e-01
-5.877852522924720269e-01
7.431448254774577489e-01
7.431448254773442841e-01
-5.877852522925172130e-01
-8.660254037844214992e-01
4.067366430758130869e-01
9.510565162951203355e-01
-2.079116908178448575e-01
-9.945218953682662955e-01
4.705119631272189799e-14
9.945218953682761764e-01
2.079116908176416034e-01
-9.510565162951845064e-01
-4.067366430757271556e-01
8.660254037844685726e-01
5.877852522924410517e-01
-7.431448254774072337e-01
-7.431448254773186379e-01
5.877852522925481882e-01
8.660254037844024033e-01
-4.067366430758480034e-01
-9.510565162951436502e-01
2.079116908178822443e-01
9.945218953682622987e-01
2.841304370149177071e-14
-9.945218953682801732e-01
-2.079116908177154333e-01
9.510565162951963858e-01
4.067366430756922391e-01
-8.660254037844308250e-01
-5.877852522924101875e-01
7.431448254774327689e-01
7.431448254773691531e-01
-5.877852522925790524e-01
-8.660254037844401509e-01
4.067366430758829199e-01
9.510565162951317708e-01
-2.079116908178084144e-01
-9.945218953682583019e-01
