1.000000000000000000e+00
3.333333333333330373e-01
-3.333333333333339255e-01
-9.999999999999964473e-01
-3.333333333333321491e-01
3.333333333333357018e-01
9.999999999999928946e-01
3.333333333333285964e-01
-3.333333333333357018e-01
-9.999999999999928946e-01
-3.333333333333285964e-01
3.333333333333428072e-01
9.999999999999857891e-01
3.333333333333285964e-01
-3.333333333333428072e-01
-1.000000000000000000e+00
-3.333333333333285964e-01
3.333333333333428072e-01
9.999999999999857891e-01
3.333333333333143855e-01
-3.333333333333428072e-01
-9.999999999999857891e-01
-3.333333333333143855e-01
3.333333333333570181e-01
9.999999999999715783e-01
3.333333333333143855e-01
-3.333333333333428072e-01
-9.999999999999857891e-01
-3.333333333333143855e-01
3.333333333333712289e-01
1.000000000000000000e+00
3.333333333333143855e-01
-3.333333333333428072e-01
-9.999999999999715783e-01
-3.333333333333143855e-01
3.333333333333428072e-01
9.999999999999715783e-01
3.333333333333143855e-01
-3.333333333333712289e-01
-9.999999999999715783e-01
-3.333333333333143855e-01
3.333333333333712289e-01
9.999999999999715783e-01
3.333333333333143855e-01
-3.333333333333712289e-01
-9.999999999999715783e-01
-3.333333333332859638e-01
3.333333333333712289e-01
9.999999999999431566e-01
3.333333333332859638e-01
-3.333333333333712289e-01
-9.999999999999431566e-01
-3.333333333333143855e-01
3.333333333333996507e-01
9.999999999999715783e-01
3.333333333333143855e-01
-3.333333333333712289e-01
-9.999999999999431566e-01
-3.333333333332575421e-01
3.333333333333712289e-01
1.000000000000000000e+00
3.333333333332575421e-01
-3.333333333333712289e-01
-9.999999999999431566e-01
-3.333333333333143855e-01
3.333333333333712289e-01
9.999999999999431566e-01
3.333333333333143855e-01
-3.333333333333712289e-01
-9.999999999999431566e-01
-3.333333333333143855e-01
3.333333333333712289e-01
9.999999999999431566e-01
3.333333333332575421e-01
-3.333333333333712289e-01
-9.999999999999431566e-01
-3.333333333332575421e-01
3.333333333333712289e-01
9.999999999999431566e-01
3.333333333332575421e-01
-3.333333333333712289e-01
-1.000000000000000000e+00
-3.333333333332575421e-01
3.333333333334280724e-01
9.999999999999431566e-01
3.333333333333143855e-01
-3.333333333333712289e-01
-9.999999999998863132e-01
-3.333333333332575421e-01
3.333333333333712289e-01
9.999999999999431566e-01
3.333333333333143855e-01
-3.333333333334280724e-01
-9.999999999999431566e-01
-3.333333333332575421e-01
3.333333333333712289e-01
9.999999999998863132e-01
3.333333333332575421e-01
-3.333333333334280724e-01
-9.999999999999431566e-01
-3.333333333332575421e-01
3.333333333334280724e-01
9.999999999998863132e-01
3.333333333332575421e-01
-3.333333333333712289e-01
-9.999999999999431566e-01
-3.333333333332006987e-01
3.333333333334280724e-01
9.999999999999431566e-01
3.333333333332575421e-01
-3.333333333333712289e-01
-9.999999999998863132e-01
-3.333333333332575421e-01
3.333333333333712289e-01
9.999999999998863132e-01
3.333333333332575421e-01
-3.333333333334849158e-01
-9.999999999998863132e-01
-3.333333333332575421e-01
3.333333333333712289e-01
1.000000000000000000e+00
3.333333333332575421e-01
-3.333333333334849158e-01
-9.999999999998863132e-01
-3.333333333332575421e-01
3.333333333333712289e-01
9.999999999998863132e-01
3.333333333332575421e-01
-3.333333333333712289e-01
-9.999999999998863132e-01
-3.333333333332575421e-01
3.333333333334849158e-01
9.999999999998863132e-01
3.333333333332575421e-01
-3.333333333333712289e-01
-9.999999999998863132e-01
-3.333333333332575421e-01
3.333333333334849158e-01
9.999999999998863132e-01
3.333333333332575421e-01
-3.333333333333712289e-01
-9.999999999998863132e-01
-3.333333333332575421e-01
3.333333333334849158e-01
9.999999999998863132e-01
3.333333333332575421e-01
-3.333333333334849158e-01
-9.999999999998863132e-01
-3.333333333332575421e-01
3.333333333333712289e-01
9.999999999998863132e-01
3.333333333331438553e-01
-3.333333333334849158e-01
-9.999999999998863132e-01
-3.333333333332575421e-01
3.333333333333712289e-01
9.999999999998863132e-01
3.333333333332575421e-01
-3.333333333334849158e-01
-9.999999999998863132e-01
-3.333333333332575421e-01
3.333333333334849158e-01
1.000000000000000000e+00
3.333333333332575421e-01
-3.333333333334849158e-01
-9.999999999998863132e-01
-3.333333333331438553e-01
3.333333333333712289e-01
9.999999999998863132e-01
3.333333333331438553e-01
-3.333333333333712289e-01
-9.999999999998863132e-01
-3.333333333332575421e-01
3.333333333334849158e-01
9.999999999997726263e-01
3.333333333332575421e-01
-3.333333333334849158e-01
-1.000000000000000000e+00
-3.333333333332575421e-01
3.333333333334849158e-01
9.999999999998863132e-01
3.333333333331438553e-01
-3.333333333333712289e-01
-9.999999999998863132e-01
-3.333333333331438553e-01
3.333333333333712289e-01
9.999999999998863132e-01
3.333333333332575421e-01
-3.333333333334849158e-01
-9.999999999997726263e-01
-3.333333333332575421e-01
3.333333333334849158e-01
9.999999999997726263e-01
3.333333333332575421e-01
-3.333333333334849158e-01
-9.999999999998863132e-01
-3.333333333331438553e-01
3.333333333335986026e-01
9.999999999998863132e-01
3.333333333331438553e-01
-3.333333333334849158e-01
-9.999999999998863132e-01
-3.333333333331438553e-01
3.333333333334849158e-01
9.999999999997726263e-01
3.333333333332575421e-01
-3.333333333334849158e-01
-9.999999999997726263e-01
-3.333333333332575421e-01
3.333333333334849158e-01
9.999999999998863132e-01
3.333333333331438553e-01
-3.333333333335986026e-01
-9.999999999998863132e-01
-3.333333333331438553e-01
3.333333333334849158e-01
9.999999999998863132e-01
3.333333333331438553e-01
-3.333333333334849158e-01
-9.999999999997726263e-01
-3.333333333332575421e-01
3.333333333334849158e-01
9.999999999997726263e-01
3.333333333332575421e-01
-3.333333333334849158e-01
-1.000000000000000000e+00
-3.333333333332575421e-01
3.333333333334849158e-01
9.999999999997726263e-01
3.333333333330301684e-01
-3.333333333334849158e-01
-9.999999999997726263e-01
-3.333333333330301684e-01
3.333333333334849158e-01
9.999999999997726263e-01
3.333333333332575421e-01
-3.333333333334849158e-01
-9.999999999997726263e-01
-3.333333333332575421e-01
3.333333333334849158e-01
1.000000000000000000e+00
3.333333333332575421e-01
-3.333333333334849158e-01
-9.999999999997726263e-01
-3.333333333330301684e-01
3.333333333334849158e-01
9.999999999997726263e-01
3.333333333330301684e-01
-3.333333333334849158e-01
-9.999999999997726263e-01
-3.333333333332575421e-01
3.333333333334849158e-01
9.999999999997726263e-01
3.333333333332575421e-01
-3.333333333334849158e-01
-9.999999999997726263e-01
-3.333333333332575421e-01
3.333333333334849158e-01
9.999999999997726263e-01
3.333333333330301684e-01
-3.333333333334849158e-01
-9.999999999997726263e-01
-3.333333333330301684e-01
3.333333333334849158e-01
9.999999999997726263e-01
3.333333333332575421e-01
-3.333333333334849158e-01
-9.999999999997726263e-01
-3.333333333332575421e-01
3.333333333334849158e-01
9.999999999997726263e-01
3.333333333330301684e-01
-3.333333333334849158e-01
-9.999999999997726263e-01
-3.333333333330301684e-01
3.333333333334849158e-01
9.999999999997726263e-01
3.333333333330301684e-01
-3.333333333334849158e-01
-9.999999999997726263e-01
-3.333333333332575421e-01
3.333333333334849158e-01
9.999999999997726263e-01
3.333333333332575421e-01
-3.333333333334849158e-01
-9.999999999997726263e-01
-3.333333333330301684e-01
3.333333333337122895e-01
9.999999999997726263e-01
3.333333333330301684e-01
-3.333333333334849158e-01
-9.999999999997726263e-01
-3.333333333330301684e-01
3.333333333334849158e-01
9.999999999997726263e-01
3.333333333332575421e-01
-3.333333333334849158e-01
-9.999999999997726263e-01
-3.333333333332575421e-01
3.333333333334849158e-01
9.999999999997726263e-01
3.333333333330301684e-01
-3.333333333337122895e-01
-9.999999999997726263e-01
-3.333333333330301684e-01
3.333333333334849158e-01
9.999999999997726263e-01
3.333333333330301684e-01
-3.333333333334849158e-01
-9.999999999997726263e-01
-3.333333333332575421e-01
3.333333333334849158e-01
9.999999999997726263e-01
3.333333333332575421e-01
-3.333333333334849158e-01
-9.999999999997726263e-01
-3.333333333330301684e-01
3.333333333337122895e-01
9.999999999997726263e-01
3.333333333330301684e-01
-3.333333333334849158e-01
-9.999999999997726263e-01
-3.333333333330301684e-01
3.333333333337122895e-01
1.000000000000000000e+00
3.333333333332575421e-01
-3.333333333334849158e-01
-9.999999999997726263e-01
-3.333333333330301684e-01
3.333333333334849158e-01
9.999999999997726263e-01
3.333333333330301684e-01
-3.333333333337122895e-01
-9.999999999995452526e-01
-3.333333333332575421e-01
3.333333333334849158e-01
9.999999999997726263e-01
3.333333333330301684e-01
-3.333333333337122895e-01
-1.000000000000000000e+00
-3.333333333332575421e-01
3.333333333334849158e-01
9.999999999997726263e-01
3.333333333330301684e-01
-3.333333333334849158e-01
-9.999999999997726263e-01
-3.333333333330301684e-01
3.333333333337122895e-01
9.999999999995452526e-01
3.333333333332575421e-01
-3.333333333334849158e-01
-9.999999999997726263e-01
-3.333333333330301684e-01
3.333333333337122895e-01
1.000000000000000000e+00
3.333333333332575421e-01
-3.333333333334849158e-01
-9.999999999997726263e-01
-3.333333333330301684e-01
3.333333333334849158e-01
9.999999999997726263e-01
3.333333333330301684e-01
-3.333333333337122895e-01
-9.999999999995452526e-01
-3.333333333332575421e-01
3.333333333334849158e-01
9.999999999997726263e-01
3.333333333330301684e-01
-3.333333333337122895e-01
-1.000000000000000000e+00
-3.333333333332575421e-01
3.333333333334849158e-01
9.999999999997726263e-01
3.333333333330301684e-01
-3.333333333334849158e-01
-9.999999999997726263e-01
-3.333333333330301684e-01
3.333333333337122895e-01
9.999999999995452526e-01
3.333333333332575421e-01
-3.333333333334849158e-01
-9.999999999997726263e-01
-3.333333333330301684e-01
3.333333333337122895e-01
9.999999999995452526e-01
3.333333333332575421e-01
-3.333333333334849158e-01
-9.999999999997726263e-01
-3.333333333330301684e-01
3.333333333337122895e-01
9.999999999997726263e-01
3.333333333330301684e-01
-3.333333333337122895e-01
-9.999999999995452526e-01
-3.333333333328027948e-01
3.333333333334849158e-01
9.999999999997726263e-01
3.333333333330301684e-01
-3.333333333337122895e-01
-9.999999999995452526e-01
-3.333333333330301684e-01
3.333333333334849158e-01
9.999999999997726263e-01
3.333333333330301684e-01
-3.333333333337122895e-01
-9.999999999997726263e-01
-3.333333333330301684e-01
3.333333333337122895e-01
9.999999999995452526e-01
3.333333333328027948e-01
-3.333333333334849158e-01
-9.999999999997726263e-01
-3.333333333330301684e-01
3.333333333337122895e-01
9.999999999995452526e-01
3.333333333330301684e-01
-3.333333333334849158e-01
-9.999999999997726263e-01
-3.333333333330301684e-01
3.333333333337122895e-01
9.999999999997726263e-01
3.333333333330301684e-01
-3.333333333337122895e-01
-9.999999999995452526e-01
-3.333333333328027948e-01
3.333333333334849158e-01
9.999999999997726263e-01
3.333333333330301684e-01
-3.333333333337122895e-01
-9.999999999995452526e-01
-3.333333333330301684e-01
3.333333333337122895e-01
9.999999999997726263e-01
3.333333333330301684e-01
-3.333333333337122895e-01
-9.999999999997726263e-01
-3.333333333330301684e-01
3.333333333337122895e-01
9.999999999995452526e-01
3.333333333330301684e-01
-3.333333333334849158e-01
-9.999999999995452526e-01
-3.333333333330301684e-01
3.333333333339396631e-01
9.999999999995452526e-01
3.333333333330301684e-01
-3.333333333334849158e-01
-9.999999999995452526e-01
-3.333333333330301684e-01
3.333333333339396631e-01
